3.051758E-05
3.051758E-05
3.051758E-05
3.051758E-05
3.051758E-05
0.04693604
0.0008850098
0.0009765625
0.001190186
0.0009460449
0.001251221
0.0009460449
0.001068115
0.001251221
0.001037598
0.0008544922
0.001037598
0.0009155273
0.0009460449
0.000793457
0.001281738
0.0008239746
0.001098633
0.4332581
0.7542419
0.299469
0.5746765
0.5702209
0.07424927
0.03198242
0.3057556
0.2474365
0.01730347
0.550293
0.3409119
0.4663696
0.2843628
0.02630615
0.003479004
0.00378418
0.003601074
0.1959229
0.7545166
0.555481
0.3454285
0.3612061
0.3536987
0.3348999
0.4126587
0.04412842
0.1520691
0.2757874
0.2720642
0.10495
0.4192505
0.2749023
0.02035522
0.001251221
0.0009460449
0.0008239746
0.0008850098
0.0006713867
0.0007019043
0.0006408691
0.0005493164
0.0004577637
0.0005493164
0.0004272461
0.0005493164
0.0004577637
0.0004882813
0.0004272461
0.0004882813
0.0005187988
0.0004882813
0.0004882813
0.0003967285
0.0005187988
0.0004577637
0.0004577637
0.09963989
0.08334351
0.01617432
0.0008239746
